#!/usr/bin/Rscript

x <- c(5, 5, 5, 5, 8, 8, 8, 8, -3, -3, -3, -3, 0.34, 0.34, 0.34, 0.34)
rep(x, lenght.out = 3)

x <- c(-0.1, -0.1, -0.9, -0.9, -0.6, -0.6)
rep(x)

x <- c(1, 1, 2, 2, 3, 3, 1, 1, 2, 2, 3, 3, 1, 1, 2, 2, 3, 3)
rep(x)
